99
2525 1
2400 5
300 2
120 60
60 90
970738988 1
911504671 272
363066942 1
162877821 6864
217280334 1
104239667 939
183875386 1
111933899 1966
941430473 1
526092288 4561
148960474 1
25101426 4418
439743769 1
72485206 2092
780769562 1
473945134 1701
692812328 1
211165675 7524
1000000000 2
999999997 2
999999996 3
1000000000 2
999999998 2
999999997 3
9290295 1
5733446 6632
424847378 1
203024130 4773
91786847 1
46778586 1901
951542627 1
659576057 6814
398379580 1
209547284 1704
907189420 1
560429107 411
625711730 1
618860146 2880
2 1
1 1
1000000000 2
100 10000
200 10000
669881129 1
475663755 2238
153599137 1
141539759 3847
902808551 1
371819713 1786
213783969 1
137093273 4335
347577396 2
145498542 46
249836922 894
601356042 1
496880006 8925
649485104 1
260327127 7616
592907491 1
197547814 159
685992630 1
89214507 4048
219516957 1
75007970 215
248276879 1
135157835 5613
686110394 1
170083932 139
315275397 1
56647793 7597
1000000000 2
999999998 3
999999999 2
588385553 1
434031184 807
468959536 1
217976981 8951
27145053 1
14845698 442
979094325 1
795572869 6038
851224427 1
750667112 1458
300485014 1
218454030 9410
868797536 1
187035297 2291
825851333 1
5786672 1257
901909791 1
733555224 7221
1000000000 1
999999999 1
46323247 1
23699543 3096
523866193 1
213754523 7496
981577702 1
263444582 8524
778242919 1
114673897 8321
431986013 1
77112309 8837
953246639 1
551413717 2084
703525175 1
315822667 3373
66204838 1
10365091 8311
49307549 1
43090160 6227
38602517 1
23441892 7788
553748233 2
72156839 3821
435302726 9272
1000000000 1
1 1
48152006 1
41270945 5049
115650675 1
64579300 168
577176646 1
19115270 9149
923899574 1
491039813 6384
113783185 1
40812400 909
45365998 1
40253289 6791
252918169 1
107397777 4944
505465574 1
401457209 6007
354248325 1
352160228 4647
814347785 1
737362954 7793
741797852 1
504821968 3387
419549106 1
102444704 4223
1000000000 1
999999999 10000
486190196 1
222662593 4997
289562345 1
273333721 6885
1000000000 2
999000000 1
998000000 1
600007040 1
358596047 7810
492646935 1
307978374 145
866602130 1
83922312 289
559681275 1
500382357 2375
392852040 1
12305961 6564
633504079 1
267844653 7849
83332 1
73814 92
300863656 1
146110403 2074
460291069 1
218375459 4305
1000000000 1
1 10000
807148990 1
429445264 8253
1000000000 2
2 2
1 3
1000000000 2
998000000 10000
999000000 10000
166184966 1
56653759 2828
107333136 1
43905205 3589
176271259 1
85814767 827
656359827 1
169171606 4055
378254229 1
76310191 7955
1000000000 2
12345676 2
12345675 3
200000 2
5000 4
5001 1
2 1
1 10000
992114290 1
949749711 1799
819275232 1
96939715 6867
387768085 1
87151535 5551
496060333 1
368668304 1796
