1000
51 16 83
51 9 46
83 25 47
68 88 5
59 43 87
31 57 62
76 70 22
26 54 1
73 66 59
16 97 9
95 85 81
30 83 16
97 37 34
9 70 2
74 27 60
13 62 100
68 82 88
31 43 35
55 84 13
93 5 46
86 54 55
27 65 77
35 8 16
72 96 80
34 10 100
3 19 75
52 44 12
73 6 68
21 99 3
48 62 3
1 87 21
44 68 69
10 33 21
21 94 36
50 27 13
42 12 84
41 62 75
66 19 66
21 6 39
37 21 1
41 35 64
29 21 13
18 75 8
28 95 98
57 71 100
58 36 22
49 34 10
48 16 37
67 67 62
96 23 25
33 17 14
93 40 71
76 27 10
26 2 42
77 61 9
98 57 37
26 63 84
62 86 17
53 80 34
99 26 64
72 69 8
8 3 76
56 22 38
77 67 94
77 97 48
96 95 29
62 48 83
16 79 40
11 83 30
95 29 87
86 98 75
7 95 21
48 59 23
47 27 41
22 84 76
87 70 20
79 8 72
43 47 33
5 34 58
16 93 89
21 61 42
79 6 30
14 33 90
31 32 20
50 45 96
45 62 57
67 94 53
78 13 34
70 87 37
13 17 1
40 32 40
56 83 72
16 81 32
22 15 99
57 41 42
81 45 30
1 12 64
51 61 95
18 95 60
39 72 57
73 91 41
2 35 88
88 58 41
72 9 77
4 99 54
57 38 52
0 20 21
32 81 7
75 40 70
13 68 39
99 10 38
89 41 20
52 79 95
67 53 15
66 98 21
6 97 77
42 33 100
13 69 20
73 81 87
100 68 14
33 55 85
44 52 32
55 68 37
8 92 17
51 39 32
74 24 4
27 97 67
14 72 37
59 78 24
100 55 38
55 98 32
14 59 83
79 13 6
43 58 83
66 30 100
15 27 85
74 86 76
70 25 2
34 14 7
58 20 9
82 28 71
34 92 69
4 47 1
8 87 8
2 100 54
38 87 35
87 78 17
91 86 25
18 13 17
96 80 66
87 22 56
78 12 26
34 98 65
59 22 76
50 95 41
91 77 63
61 11 61
22 61 99
19 25 7
67 54 42
78 53 78
7 55 65
3 66 73
22 41 17
91 48 60
48 100 7
72 40 83
97 44 64
65 70 12
36 54 38
62 17 79
3 40 45
18 22 25
85 93 63
55 37 9
26 91 40
55 4 97
68 47 78
12 72 83
5 85 97
43 54 4
3 31 48
35 29 87
40 9 35
70 91 100
18 57 73
37 77 96
3 53 40
98 6 75
84 63 23
29 25 59
75 33 74
100 6 94
96 31 25
53 48 96
22 64 65
80 60 28
47 2 34
97 40 45
86 23 47
14 78 60
47 32 85
37 13 100
67 10 77
98 83 39
66 90 100
74 32 14
83 45 78
46 60 37
76 10 62
16 66 96
10 34 81
68 63 40
28 89 30
49 73 97
10 32 14
60 24 94
84 40 70
83 12 56
66 89 30
50 36 93
29 2 60
21 88 44
53 97 9
54 28 31
36 65 62
65 77 76
56 48 75
99 41 62
19 32 19
76 5 76
29 94 95
16 15 64
60 4 61
57 87 8
7 83 47
70 72 24
84 90 42
94 41 86
45 39 5
82 77 39
51 26 61
80 22 42
33 34 86
19 67 40
75 53 41
81 30 41
10 22 75
48 69 67
39 43 22
89 37 94
75 83 75
0 30 70
16 5 23
80 74 70
16 39 79
61 85 22
89 80 48
31 46 91
95 22 15
37 24 17
37 56 98
60 52 78
17 2 33
81 64 70
10 5 43
33 18 17
52 60 75
1 87 71
76 82 99
22 42 25
17 69 21
20 46 23
47 53 21
4 47 5
67 43 20
97 76 47
22 4 96
61 34 14
19 41 36
4 38 5
13 9 61
90 63 36
62 46 1
75 76 37
96 67 6
72 73 82
66 43 12
55 83 24
77 31 9
74 98 45
0 20 25
70 88 73
44 52 32
36 42 44
93 81 97
73 9 85
64 25 83
7 34 65
42 63 85
15 74 4
7 52 70
0 42 24
67 88 33
48 100 27
12 33 57
63 43 23
19 23 85
66 17 16
79 91 11
8 2 87
5 77 17
69 25 52
56 43 8
7 55 85
46 60 87
75 30 25
68 45 5
7 79 5
25 68 86
17 42 4
75 12 4
75 69 6
61 55 7
15 100 82
41 32 82
19 87 86
95 62 96
94 30 67
54 73 68
52 71 59
28 13 37
8 64 34
42 25 39
30 9 85
90 72 20
74 35 91
67 60 99
49 60 88
68 23 60
13 64 42
25 65 34
73 60 73
38 3 52
93 62 88
53 86 23
66 15 25
38 2 57
79 74 13
36 61 83
20 71 63
87 63 13
82 35 76
20 56 46
34 16 89
48 46 58
52 56 84
43 9 84
97 10 91
28 11 21
88 27 3
90 14 81
80 5 56
51 34 61
92 7 98
38 15 17
86 14 22
66 20 11
21 80 63
76 86 17
19 77 96
60 34 72
24 81 77
30 64 33
45 54 78
20 2 14
97 40 88
77 89 85
99 97 98
67 77 35
63 4 15
23 21 97
2 72 59
23 66 83
34 29 37
8 58 1
46 100 80
4 25 17
7 56 41
62 44 84
26 7 46
10 55 27
59 75 32
62 90 75
32 98 7
82 47 46
79 94 60
1 23 57
7 13 96
73 44 1
0 57 27
79 88 11
82 55 91
88 98 52
1 97 39
81 4 75
98 55 70
52 27 3
28 14 70
95 44 79
95 85 18
11 73 54
42 65 78
23 7 57
22 20 89
34 5 87
19 78 93
93 37 34
0 39 48
73 93 3
57 26 71
100 31 11
85 71 33
41 31 52
100 97 2
17 79 13
54 93 10
85 85 71
52 27 39
4 8 40
23 68 11
98 22 42
6 53 79
43 44 59
8 34 45
9 78 90
45 70 62
77 83 58
67 73 45
92 82 14
18 69 54
64 38 29
33 58 9
100 27 67
15 81 30
34 21 80
58 27 76
36 86 34
43 72 63
55 71 46
20 46 39
23 65 87
86 75 33
5 21 40
29 37 5
10 72 100
0 34 29
9 67 98
41 12 92
27 6 1
12 39 71
54 69 77
12 55 55
34 78 66
37 33 85
28 62 38
96 28 17
79 26 26
97 44 60
87 5 14
82 65 54
93 92 92
46 13 67
35 45 55
6 74 32
79 12 10
70 93 6
35 16 42
22 45 39
15 28 37
80 32 67
32 38 20
41 85 37
23 7 3
32 71 93
41 48 10
75 93 5
56 57 34
56 6 32
53 6 61
43 82 18
28 12 87
27 39 58
47 88 38
38 42 11
33 69 55
24 64 84
79 70 92
94 13 95
6 33 77
79 37 2
54 6 54
81 13 32
87 93 35
25 43 87
28 95 81
23 3 100
100 33 89
75 63 74
82 19 81
28 43 83
35 71 80
3 83 27
19 59 93
97 82 93
95 21 59
1 28 70
97 16 13
85 96 27
84 58 56
53 90 67
100 39 9
79 6 20
75 91 13
0 10 42
41 97 37
85 70 9
87 37 39
42 67 86
20 11 46
38 96 19
28 16 5
97 14 17
33 44 96
63 97 5
70 16 5
35 72 76
15 29 66
49 37 81
82 20 52
65 18 82
46 13 25
94 7 87
82 97 70
69 74 98
55 94 27
54 53 91
50 22 86
40 31 94
0 54 4
13 82 4
91 63 31
0 53 42
93 94 28
14 12 58
78 71 68
81 58 33
8 100 13
7 72 10
56 1 93
12 100 82
57 98 14
38 20 36
24 84 57
19 80 12
27 86 68
17 24 45
52 39 2
2 59 23
12 8 16
95 33 26
8 90 85
81 38 96
75 71 84
85 68 41
75 23 60
75 2 67
31 8 81
10 36 76
83 89 31
5 47 66
10 55 4
36 4 21
97 48 53
21 66 14
35 55 63
17 46 54
74 77 38
85 55 91
99 60 89
65 39 45
67 68 52
66 22 24
19 77 72
1 74 53
30 64 56
33 61 4
31 3 8
7 54 41
72 36 27
60 29 94
55 94 47
13 98 74
91 54 60
84 48 1
57 48 78
35 99 22
100 70 91
48 38 28
49 97 30
25 61 69
90 69 64
49 42 78
41 20 71
77 46 25
94 53 82
42 93 80
34 44 71
53 22 1
30 86 56
69 26 21
27 5 38
55 12 25
38 31 43
74 29 63
75 96 31
22 14 70
33 29 79
52 36 12
33 20 79
56 61 7
4 86 31
23 60 91
64 85 30
5 77 3
52 20 71
77 23 24
3 22 39
38 13 25
0 55 55
34 99 40
62 67 78
37 62 67
59 30 79
24 57 9
98 13 29
94 29 61
53 48 15
11 97 8
73 94 6
24 89 95
50 20 90
100 23 20
97 58 73
51 76 26
0 71 40
13 62 69
44 60 67
47 1 94
79 48 79
1 55 20
6 23 99
63 53 74
41 97 68
26 4 85
17 37 79
1 90 31
12 88 91
59 83 100
87 81 48
56 80 4
55 82 21
0 15 62
82 45 77
76 84 67
97 10 17
57 75 37
42 13 34
61 63 52
87 20 40
53 52 65
23 34 79
63 5 13
44 26 6
13 78 5
0 33 60
37 17 62
71 8 8
91 22 82
99 92 73
4 78 15
7 13 7
80 65 25
97 61 94
100 90 10
30 5 25
1 13 64
81 69 83
58 16 65
34 74 94
58 91 89
94 62 11
40 29 19
28 2 36
3 89 85
63 93 100
76 77 73
11 30 40
59 89 41
100 91 95
25 24 95
75 18 61
50 65 61
75 9 23
25 63 58
76 58 19
24 29 11
7 52 33
54 12 86
41 5 75
13 35 36
81 79 13
40 5 31
2 42 20
63 90 6
56 30 6
55 80 45
4 90 64
61 11 97
89 48 41
29 90 66
72 83 63
74 76 22
55 71 19
96 100 18
43 30 26
93 26 48
100 45 18
3 75 98
78 3 72
36 41 40
39 62 18
91 9 77
13 46 10
98 39 27
60 2 68
91 35 47
6 54 76
13 42 34
53 100 79
77 88 1
90 58 66
61 18 70
76 85 40
97 83 99
63 73 6
77 21 90
46 13 17
43 81 99
25 23 43
77 41 62
72 21 28
17 43 82
52 68 11
61 65 100
39 42 75
20 73 91
23 89 93
49 22 17
91 88 3
61 53 3
68 13 87
10 86 69
16 10 4
53 61 85
31 30 58
34 66 96
34 67 6
98 42 24
14 36 81
17 17 24
5 92 68
20 28 98
7 38 80
46 100 56
63 39 40
69 96 28
97 18 34
41 87 80
56 56 52
64 15 25
36 17 39
47 92 81
19 71 93
30 61 23
72 82 11
13 47 81
46 69 58
41 26 27
98 41 60
45 4 63
93 73 82
15 12 1
25 47 39
39 68 89
67 1 56
95 59 36
18 56 55
87 47 83
94 73 33
34 44 91
100 6 31
52 58 41
54 83 44
88 93 40
81 8 37
11 10 80
94 20 21
80 2 41
80 46 30
31 80 31
75 37 68
96 97 9
72 53 57
92 33 47
2 1 3
38 91 22
73 5 80
80 66 44
91 77 4
41 98 74
93 68 55
97 88 98
87 57 12
35 97 48
95 88 7
100 66 7
53 5 47
77 65 16
57 27 68
100 26 16
30 60 84
41 67 73
100 64 45
77 75 53
34 68 35
11 45 47
6 45 79
38 92 85
85 74 65
48 48 69
28 9 52
88 17 98
16 86 48
55 99 81
25 76 48
74 9 58
85 86 56
98 23 27
53 76 77
4 92 13
9 72 95
76 45 72
33 70 76
25 12 74
11 60 98
100 1 1
87 63 16
22 21 46
43 82 22
13 15 91
71 75 75
44 5 97
29 75 87
54 28 35
85 73 70
12 71 89
73 35 23
16 81 80
42 58 87
23 58 58
66 25 14
30 25 5
26 92 27
6 54 76
1 95 53
82 32 14
32 94 82
7 33 36
76 9 32
73 79 96
14 65 87
55 55 17
11 72 92
27 81 7
83 27 46
25 40 82
92 40 17
82 93 96
6 36 66
71 83 38
67 19 16
49 11 58
6 26 84
100 35 40
72 45 65
60 98 27
84 38 75
2 21 41
84 30 23
7 25 48
64 20 30
12 59 63
79 69 11
82 89 7
75 18 15
75 97 39
64 81 11
91 10 23
81 3 94
35 68 35
68 85 59
98 69 74
66 75 25
42 93 63
42 33 8
17 52 13
51 72 5
91 63 85
24 66 29
90 37 82
11 69 57
84 90 1
5 74 9
62 17 11
37 33 18
8 7 32
28 46 55
13 63 44
51 46 69
73 29 39
11 5 82
91 96 80
78 12 41
45 38 11
88 55 34
82 2 69
48 21 33
0 27 62
70 29 55
13 55 55
88 76 98
57 59 38
19 7 99
7 29 92
71 87 7
3 38 18
82 79 96
62 59 95
51 82 15
68 6 13
76 23 47
45 3 87
14 84 31
99 99 99
39 5 87
57 58 89
69 82 83
78 100 69
30 15 68
0 99 43
62 46 8
82 42 37
43 41 16
41 9 44
28 53 36
20 39 43
25 54 15
70 59 36
35 43 32
35 35 60
7 62 58
65 91 93
63 74 95
3 82 67
38 13 28
91 74 34
78 28 15
21 89 97
38 6 39
54 70 59
85 12 5
43 89 76
22 75 38
98 85 64
77 83 32
11 32 65
83 77 15
16 96 54
8 88 1
