1000
788
733
348
86
980
807
226
513
661
971
607
122
490
346
871
380
916
13
166
105
286
301
133
495
94
43
663
165
67
844
325
305
56
911
248
110
37
918
658
56
59
303
749
557
516
47
715
818
675
750
200
756
226
401
971
319
418
352
571
921
805
395
655
876
674
484
234
663
375
116
110
43
963
615
244
626
535
98
47
308
941
336
880
193
132
709
14
481
604
305
317
296
301
236
376
746
56
318
951
115
422
357
536
898
633
949
81
377
856
371
710
755
281
179
872
96
591
990
423
939
243
427
305
387
857
678
181
986
227
57
179
403
900
52
172
162
47
12
83
822
887
451
382
791
222
879
795
345
663
38
858
455
961
717
717
482
66
86
839
827
202
528
481
206
792
405
312
116
133
427
421
50
238
865
689
17
972
813
18
479
271
366
970
485
778
273
425
457
758
75
30
739
375
361
321
68
174
569
797
51
91
957
997
113
430
352
374
435
263
982
715
247
68
345
937
509
214
1
354
488
466
98
750
846
612
484
754
404
632
7
292
578
391
713
215
356
280
297
820
60
896
23
727
158
569
252
950
934
67
875
785
220
223
75
354
298
101
480
807
484
141
280
378
785
492
918
880
188
380
525
776
783
379
344
353
724
766
998
79
840
584
695
251
446
770
120
95
768
80
214
26
292
948
886
215
999
618
156
796
436
61
14
183
425
504
651
42
878
854
132
624
483
889
104
677
673
41
543
317
606
681
91
721
494
314
437
375
236
909
336
310
265
172
373
91
976
310
621
563
747
187
996
416
20
142
729
711
10
820
33
440
936
222
905
324
950
677
723
643
812
331
39
674
761
80
834
304
941
74
745
211
915
319
708
132
733
508
851
329
577
465
487
124
105
941
822
320
42
110
879
168
222
61
777
39
151
323
375
669
732
155
387
16
719
238
38
790
689
982
452
54
491
528
339
987
909
37
61
924
675
220
962
294
648
520
394
558
916
178
42
546
670
268
810
483
34
485
651
242
497
56
679
431
807
502
568
687
484
209
895
844
934
135
425
909
699
661
725
7
661
533
229
462
750
778
533
956
589
727
153
319
905
883
593
785
434
184
999
10
693
561
996
522
274
119
363
204
553
153
613
160
502
111
454
492
716
788
460
502
68
417
730
631
838
204
361
141
256
619
146
900
898
52
559
212
230
255
533
626
83
254
708
818
4
327
367
663
52
276
972
100
765
265
747
614
523
593
351
614
67
94
150
277
515
622
577
799
768
949
974
30
495
318
188
938
628
233
468
554
173
859
479
47
739
286
735
653
831
778
34
45
943
686
980
492
905
31
551
39
850
816
270
110
388
250
204
256
660
947
701
595
36
891
836
995
606
634
33
897
921
391
423
967
426
812
948
696
869
72
177
53
255
319
192
907
975
344
412
300
135
921
829
503
95
265
470
954
731
986
64
430
234
688
74
742
328
289
171
688
34
200
305
32
787
426
578
323
839
535
461
491
875
519
721
550
942
184
281
12
36
209
528
884
961
736
496
858
765
629
280
28
370
676
486
673
446
221
523
784
168
942
379
762
86
781
704
303
490
47
146
415
809
272
634
842
887
940
477
226
447
927
750
84
306
615
893
79
548
535
610
985
286
588
437
380
701
605
285
233
779
942
422
404
463
17
44
11
226
683
963
649
900
525
942
662
636
872
112
923
190
630
963
526
953
983
260
608
802
286
819
330
398
168
900
73
30
814
246
736
850
570
858
559
489
333
671
299
471
584
634
427
502
807
953
831
909
874
801
134
946
960
951
312
697
345
523
226
444
160
598
906
976
709
707
863
352
100
67
923
514
840
826
199
852
96
114
71
336
797
632
70
698
759
463
714
130
684
798
589
645
379
601
965
189
480
420
48
584
795
655
693
577
606
728
36
965
526
3
999
568
447
29
144
609
100
743
755
732
813
386
179
842
81
37
16
811
146
529
513
257
103
797
314
443
670
304
562
904
783
771
779
798
595
166
317
479
523
178
903
366
75
856
313
381
275
613
251
883
421
636
409
837
921
305
662
675
595
705
548
257
600
393
463
187
251
953
441
758
847
145
647
235
190
781
659
177
638
459
884
263
656
140
1
323
694
260
869
66
461
351
503
862
865
346
920
676
396
494
182
449
948
829
663
192
204
303
926
196
59
469
571
998
523
215
224
42
604
430
389
747
194
677
98
656
184
564
304
629
363
284
491
757
23
824
505
691
602
810
751
729
290
514
54
570
738
199
701
225
173
938
605
633
692
192
896
912
623
412
443
395